[fiducial0]
x=0
y=0
z=0
[fiducial1]
x=7.18374
y=16.7628
z=0
[fiducial2]
x=22.2441
y=2.47332
z=-1.14092
[fiducial3]
x=46.11
y=0
z=0
[geometry]
count=4
id=580
